   6.1391263761443116e-01
   1.9667240299427733e+00
   1.2607245293366474e+00
   3.1284474853274208e-01
   1.1338806760279761e-01
   3.8723596544142661e-02
   2.8564558625634503e-02
   5.1178949959694964e-01
  -1.1981148453595976e+00
   2.6918170638759548e-01
   9.0286263798142006e+00
   1.7004003677910436e+01
  -1.9996891192846320e+01
   3.1432999026744629e-01
   5.1629369321006757e-02
   3.8514702873325163e-01
   3.4647854177815862e-01
   2.4254150743501593e-01
   2.5821009303675790e-01
   2.9460007705125024e-01
   2.2909491789494893e-01
