   9.4467952945235623e-01
   2.3506737210495823e+00
  -1.0418911702781234e+01
   1.7707311481514560e+00
  -3.4528863238427676e+00
  -6.0461803129963632e-02
   2.7575510487337151e+00
  -1.6973885565831281e-01
  -4.0835907188720272e-01
   7.0242926796996374e-01
   2.9249375140187173e-01
  -3.0559802537625141e-01
   6.3486111885424323e+00
   2.4734614503593910e-01
   2.7219101568445858e-01
   1.0707893524306604e+00
   9.1550528194040037e-01
   2.1005778527624802e-01
   1.0439950038610073e-01
   9.8115560713409235e-03
   1.6432874161034097e-01
   7.9546064888919963e+00
  -1.2381716544814070e+00
   4.0107093929911937e+00
   6.9515739797369344e-02
  -2.8706652364275000e+00
